130521 21 24
130523 24 29
130524 26 32
130526 37 48
130528 53 70
130531 55 73
130602 60 79
130603 65 84
130604 69 88
130605 70 89
130608 79 100
130610 80 101
130611 83 104
130612 85 106
130614 93 117
130615 101 127
130616 108 135
130617 109 138
130618 110 141
130622 114 151
130626 120 160
130627 121 163
130628 129 180
130702 133 186
130706 135 190
130713 139 205
130724 141 209
130725 143 214
130727 145 219
130728 146 223
130729 150 229
130806 155 249
130807 159 259
130809 160 262
130810 163 267
130811 168 273
130817 174 285
130821 175 292
130827 180 305
130828 184 315
130829 189 328
130901 192 339
130903 202 362
130904 203 364
130905 206 376
130906 208 384
130907 213 395
130909 215 400
130910 217 405
130911 225 423
130912 230 434
130913 235 443
130915 238 452
130916 244 460
130917 250 471
130918 251 473
130919 257 493
130920 258 508
130921 260 518
130922 265 530
130924 269 549
130925 276 568
130926 278 570
130927 285 593
130929 287 597
130930 292 611
131001 293 617
131002 296 624
131003 300 634
131004 308 650
131005 310 655
131006 312 660
131007 317 674
131008 321 681
131009 323 688
131011 330 706
131013 332 711
131015 338 722
131016 341 730
131018 346 748
131019 349 756
131020 353 769
131021 355 776
131022 358 785
131023 360 792
131025 367 810
131026 368 819
131028 371 829
131029 373 835
131031 378 846
131101 384 863
131102 387 873
131103 391 885
131105 395 895
131106 397 905
131107 399 911
131108 404 924
131109 407 932
131111 413 953
131113 415 961
131114 418 968
131115 420 975
131116 425 985
131117 428 995
131118 435 1012
131120 437 1020
131121 441 1028
131122 445 1037
131123 448 1046
131124 455 1061
131126 459 1071
131127 461 1077
131128 464 1086
131129 467 1093
131130 475 1109
131201 478 1116
131203 481 1122
131204 483 1131
131205 487 1138
131206 491 1146
131207 493 1153
131208 499 1167
131210 501 1176
131211 504 1186
131212 507 1192
131213 510 1201
131214 512 1212
131215 517 1231
131217 520 1242
131218 524 1253
131219 527 1261
131220 532 1281
131221 536 1292
131223 540 1303
131224 542 1308
131225 547 1329
131227 554 1350
131228 557 1360
131229 560 1370
131230 561 1371
131231 565 1380
140101 568 1389
140102 571 1404
140103 577 1421
140104 580 1428
140105 581 1438
140106 588 1459
140108 593 1477
140110 597 1485
140111 599 1493
140112 606 1513
140114 608 1521
140115 613 1527
140116 616 1533
140117 618 1543
140118 626 1561
140120 629 1573
140121 633 1584
140122 636 1591
140123 639 1597
140124 642 1604
140125 646 1613
140126 651 1627
140128 653 1630
140129 656 1641
140130 659 1648
140201 666 1663
140202 669 1671
140203 673 1683
140205 677 1695
140206 680 1705
140207 684 1713
140208 686 1725
140209 689 1734
140210 692 1742
140211 700 1760
140212 702 1765
140213 706 1781
140214 709 1792
140215 710 1793
140216 712 1802
140217 715 1812
140218 722 1828
140219 725 1836
140220 730 1846
140221 731 1847
140222 737 1870
140224 740 1880
140225 743 1890
140226 749 1911
140228 755 1929
140302 758 1948
140303 761 1956
140304 763 1962
140305 765 1968
140306 767 1970
140307 770 1976
140308 776 1991
140310 779 1994
140311 781 1999
140312 784 2005
140313 787 2014
140314 790 2020
140315 797 2038
140317 800 2045
140318 802 2048
140319 805 2055
140320 807 2061
140321 809 2067
140322 814 2083
140323 816 2089
140324 817 2094
140325 818 2096
140326 821 2100
140327 824 2108
140328 827 2117
140329 831 2125
140331 832 2131
140401 834 2139
140402 838 2144
140404 840 2150
140405 842 2152
140406 845 2159
140410 846 2165
140411 848 2171
140413 854 2184
140415 857 2188
140416 858 2190
140417 860 2194
140419 864 2200
140420 866 2204
140421 868 2210
140422 871 2216
140424 873 2224
140425 877 2237
140426 882 2247
140428 884 2254
140430 887 2260
140502 891 2273
140503 895 2282
140504 900 2295
140506 901 2299
140508 905 2308
140510 911 2320
140511 915 2329
140513 917 2337
140514 919 2346
140515 922 2353
140516 924 2359
140517 929 2373
140518 933 2383
140520 934 2391
140523 936 2395
140526 940 2409
140527 942 2413
140529 946 2431
140601 949 2444
140602 951 2449
140603 954 2459
140605 957 2469
140606 958 2471
140607 962 2479
140614 969 2499
140615 972 2511
140618 975 2518
140619 981 2529
140620 982 2532
140621 989 2544
140622 992 2556
140624 995 2564
140626 998 2573
140628 1005 2591
140629 1008 2601
140703 1014 2615
140705 1018 2627
140706 1021 2633
140708 1024 2642
140710 1027 2649
140712 1035 2668
140713 1039 2676
140715 1042 2687
140717 1046 2696
140719 1053 2716
140720 1056 2725
140722 1059 2732
140724 1062 2739
140726 1070 2759
140727 1074 2770
140729 1076 2778
140730 1079 2785
140731 1081 2792
140801 1084 2802
140802 1088 2823
140803 1091 2834
140805 1093 2840
140806 1097 2848
140807 1100 2858
140808 1102 2868
140809 1108 2888
140810 1112 2899
140812 1115 2908
140813 1117 2914
140814 1120 2923
140815 1123 2932
140816 1129 2949
140817 1132 2957
140819 1135 2964
140820 1138 2971
140821 1139 2973
140822 1142 2983
140823 1147 2998
140825 1152 3016
140826 1155 3026
140828 1162 3046
140829 1165 3056
140830 1169 3065
140831 1172 3076
140901 1175 3085
140902 1178 3094
140903 1181 3104
140904 1184 3112
140906 1186 3120
140907 1193 3138
140908 1196 3149
140909 1199 3159
140910 1202 3167
140911 1205 3177
140912 1207 3182
140913 1212 3197
140914 1215 3204
140915 1218 3211
140917 1224 3225
140918 1227 3233
140919 1230 3240
140921 1235 3253
140922 1238 3262
140923 1241 3272
140924 1243 3280
140925 1246 3289
140926 1250 3300
140927 1253 3307
140929 1258 3324
140930 1262 3335
141002 1265 3345
141003 1268 3355
141004 1271 3365
141005 1277 3375
141006 1280 3382
141007 1283 3390
141008 1285 3399
141009 1288 3409
141011 1295 3428
141012 1298 3437
141014 1301 3445
141015 1304 3453
141016 1309 3469
141018 1314 3489
141019 1317 3496
141021 1320 3502
141022 1324 3517
141023 1327 3525
141025 1332 3539
141028 1335 3547
141029 1338 3553
141030 1344 3569
141101 1350 3581
141102 1353 3587
141103 1355 3591
141104 1356 3594
141105 1359 3601
141106 1362 3606
141107 1365 3615
141108 1371 3631
141109 1374 3640
141111 1376 3644
141112 1379 3651
141113 1382 3656
141114 1385 3662
141115 1391 3672
141116 1394 3682
141118 1397 3689
141119 1400 3698
141120 1403 3705
141121 1406 3717
141122 1409 3722
141123 1414 3736
141125 1417 3744
141126 1419 3751
141127 1422 3758
141128 1425 3767
141129 1430 3778
141130 1434 3789
141202 1437 3798
141203 1440 3805
141204 1443 3812
141205 1446 3821
141206 1450 3832
141207 1453 3836
141209 1456 3840
141210 1459 3846
141211 1462 3855
141212 1464 3860
141213 1468 3867
141214 1473 3877
141216 1476 3883
141217 1480 3892
141218 1483 3900
141219 1486 3909
141220 1489 3916
141221 1495 3932
141223 1498 3937
141224 1504 3949
141225 1507 3957
141226 1510 3963
141227 1513 3973
141230 1519 3990
141231 1522 3997
150102 1527 4009
150103 1530 4017
150104 1533 4024
150105 1534 4028
150106 1538 4038
150108 1541 4046
150109 1544 4050
150110 1546 4054
150111 1549 4060
150112 1555 4073
150114 1558 4083
150115 1561 4090
150116 1564 4099
150117 1570 4111
150118 1573 4116
150119 1576 4121
150121 1579 4128
150122 1582 4133
150123 1585 4141
150124 1589 4150
150125 1594 4161
150127 1597 4166
150128 1600 4174
150129 1606 4186
150131 1612 4201
150201 1615 4207
150202 1618 4214
150204 1621 4220
150205 1624 4223
150206 1627 4231
150207 1632 4243
150208 1635 4249
150209 1638 4257
150212 1641 4262
150214 1646 4276
150215 1648 4288
150217 1650 4297
150218 1653 4307
150219 1655 4313
150220 1658 4319
150221 1660 4324
150222 1662 4328
150223 1663 4332
150227 1669 4346
150228 1672 4354
150301 1675 4361
150302 1678 4369
150304 1681 4379
150305 1684 4387
150306 1686 4398
150308 1688 4401
150309 1690 4410
150311 1696 4426
150313 1700 4435
150314 1703 4439
150315 1705 4446
150316 1708 4454
150317 1711 4459
150319 1717 4470
150320 1719 4477
150321 1722 4483
150322 1724 4490
150323 1726 4498
150324 1728 4503
150326 1732 4512
150327 1735 4518
150328 1738 4525
150330 1744 4537
150331 1747 4543
150401 1750 4550
150402 1753 4557
150403 1756 4564
150404 1758 4574
150405 1761 4579
150406 1764 4585
150407 1768 4592
150408 1771 4597
150409 1774 4601
150410 1777 4608
150411 1780 4615
150412 1783 4622
150413 1786 4630
150414 1789 4633
150415 1792 4644
150416 1795 4652
150417 1798 4660
150418 1801 4666
150422 1802 4680
150423 1804 4685
150424 1805 4697
150425 1808 4704
150426 1810 4710
150427 1813 4717
150429 1816 4728
150430 1818 4734
150501 1820 4741
150503 1825 4755
150504 1827 4760
150506 1832 4772
150508 1834 4778
150513 1837 4793
150514 1839 4806
150516 1841 4810
150518 1845 4827
150519 1846 4829
150521 1847 4836
150522 1849 4841
150523 1850 4851
150525 1851 4861
150527 1857 4868
150528 1860 4877
150529 1862 4885
150530 1865 4892
150606 1866 4908
150611 1867 4920
150614 1868 4929
150617 1870 4933
150624 1873 4954
150627 1876 4968
150711 1877 4993
150716 1878 5002
150720 1879 5009
150724 1880 5018
150729 1882 5027
150802 1889 5051
150806 1892 5064
150808 1895 5072
150810 1898 5078
150811 1901 5086
150814 1904 5095
150817 1905 5098
150818 1907 5104
150901 1909 5135
150902 1910 5141
150905 1913 5149
150921 1914 5163
150923 1915 5166
150929 1916 5171
151015 1916 5186
